#U_A[V] I_A[mA]   1.9A I_f 3.5V U_f
0    0.000
2.5  0.001
5    0.005
7.5  0.009
10   0.014
12.5 0.018
15   0.023
17.5 0.026
20   0.031
22.5 0.035
25   0.039
27.5 0.042
30   0.044
32.5 0.047
35   0.049
37.5 0.050
40   0.052
42.5 0.053
45   0.054
47.5 0.055
50   0.056
55   0.057
60   0.059
65   0.060
70   0.060
80   0.061
90   0.061
100  0.060
110  0.062
120  0.063
130  0.064
140  0.064
150  0.065
160  0.066
170  0.066
180  0.066
190  0.067
200  0.067
210  0.067
220  0.067
230  0.067
240  0.068
250  0.068
