#time	Amp	HF TGC
0.0	0.433	0.005	0.630
0.1	0.501	0.013	0.630
0.2	0.553	0.973	0.315
0.3	0.587	-0.318	0.315
0.4	0.600	-1.011	0.787
0.5	0.594	-0.216	0.787
0.6	0.572	0.194	0.630
0.7	0.536	0.406	0.472
0.8	0.494	0.217	0.315
0.9	0.450	-0.003	0.472
1.0	0.409	0.249	0.630
1.1	0.376	0.115	0.630
1.2	0.354	-0.034	0.630
1.3	0.343	0.548	0.472
1.4	0.344	0.052	0.472
1.5	0.354	-0.184	0.630
1.6	0.371	-0.019	0.630
1.7	0.392	-0.783	0.630
1.8	0.413	-0.192	0.630
1.9	0.431	0.343	0.472
2.0	0.444	0.178	0.472
2.1	0.449	0.178	0.472
2.2	0.446	0.044	0.472
2.3	0.434	-0.231	0.630
2.4	0.415	-0.342	0.472
2.5	0.388	-0.271	0.472
2.6	0.356	-0.468	0.472
2.7	0.319	-0.019	0.472
2.8	0.280	0.241	0.472
2.9	0.240	0.225	0.472
3.0	0.201	0.233	0.472
3.1	0.165	0.060	0.472
3.2	0.131	-0.011	0.472
3.3	0.102	0.036	0.472
3.4	0.078	0.013	0.472
3.5	0.059	0.005	0.472
3.6	0.045	0.068	0.472
3.7	0.036	0.013	0.472
3.8	0.031	-0.027	0.472
3.9	0.029	-0.011	0.472
4.0	0.029	-0.058	0.472
4.1	0.031	-0.034	0.472
4.2	0.032	0.005	0.472
4.3	0.034	0.005	0.472
4.4	0.034	0.029	0.472
4.5	0.033	0.036	0.472
4.6	0.031	0.005	0.472
4.7	0.028	0.005	0.472
4.8	0.025	-0.003	0.472
4.9	0.021	-0.019	0.472
5.0	0.017	-0.003	0.472
5.1	0.014	0.005	0.472
5.2	0.012	-0.011	0.472
5.3	0.011	-0.003	0.472
5.4	0.011	-0.011	0.630
5.5	0.011	-0.019	0.472
5.6	0.012	-0.003	0.472
5.7	0.014	0.005	0.472
5.8	0.016	0.005	0.472
5.9	0.017	0.021	0.472
6.0	0.018	0.021	0.472
6.1	0.019	0.013	0.472
6.2	0.019	0.005	0.472
6.3	0.018	-0.003	0.472
6.4	0.017	-0.011	0.472
6.5	0.015	-0.011	0.472
6.6	0.013	-0.011	0.630
6.7	0.011	-0.003	0.472
6.8	0.009	0.005	0.472
6.9	0.007	0.005	0.472
7.0	0.005	-0.003	0.472
7.1	0.004	-0.003	0.472
7.2	0.004	-0.003	0.472
7.3	0.003	-0.003	0.472
7.4	0.003	-0.003	0.472
7.5	0.003	0.005	0.472
7.6	0.003	-0.003	0.472
7.7	0.004	-0.003	0.472
7.8	0.004	-0.003	0.630
7.9	0.005	-0.003	0.472
8.0	0.005	-0.003	0.472
8.1	0.005	-0.003	0.630
8.2	0.005	-0.003	0.472
8.3	0.005	-0.003	0.472
8.4	0.005	0.005	0.472
8.5	0.005	0.005	0.472
8.6	0.005	0.005	0.472
8.7	0.005	-0.003	0.472
8.8	0.005	-0.003	0.472
8.9	0.005	-0.003	0.472
9.0	0.005	-0.003	0.630
9.1	0.005	-0.003	0.472
9.2	0.005	-0.003	0.472
9.3	0.005	0.005	0.630
9.4	0.005	-0.003	0.472
9.5	0.006	-0.003	0.472
9.6	0.006	0.005	0.472
9.7	0.006	-0.003	0.472
9.8	0.006	-0.003	0.472
9.9	0.006	0.005	0.472
10.0	0.006	-0.003	0.472
10.1	0.006	0.005	0.472
10.2	0.006	0.005	0.630
10.3	0.005	0.005	0.472
10.4	0.005	-0.003	0.472
10.5	0.005	0.005	0.630
10.6	0.005	-0.003	0.630
10.7	0.005	-0.003	0.630
10.8	0.005	-0.003	0.630
10.9	0.005	-0.003	0.630
11.0	0.005	-0.003	0.472
11.1	0.005	-0.003	0.472
11.2	0.005	-0.003	0.472
11.3	0.005	-0.003	0.472
11.4	0.005	0.005	0.472
11.5	0.005	0.005	0.472
11.6	0.005	-0.003	0.472
11.7	0.005	0.005	0.472
11.8	0.005	-0.003	0.472
11.9	0.005	0.005	0.472
12.0	0.005	-0.003	0.472
12.1	0.005	-0.003	0.472
12.2	0.005	-0.003	0.472
12.3	0.005	-0.003	0.472
12.4	0.005	-0.003	0.472
12.5	0.005	-0.003	0.472
12.6	0.005	0.005	0.472
12.7	0.006	0.005	0.472
12.8	0.006	0.005	0.472
12.9	0.006	0.005	0.630
13.0	0.006	-0.003	0.472
13.1	0.006	-0.003	0.472
13.2	0.005	0.005	0.472
13.3	0.005	-0.003	0.472
13.4	0.005	-0.003	0.472
13.5	0.005	-0.003	0.472
13.6	0.004	-0.003	0.472
13.7	0.004	-0.003	0.472
13.8	0.004	-0.003	0.630
13.9	0.004	-0.003	0.472
14.0	0.004	-0.003	0.472
14.1	0.004	0.005	0.472
14.2	0.005	-0.003	0.472
14.3	0.005	-0.003	0.472
14.4	0.005	0.005	0.472
14.5	0.005	-0.003	0.472
14.6	0.006	-0.003	0.472
14.7	0.006	0.005	0.472
14.8	0.006	-0.003	0.472
14.9	0.006	-0.003	0.472
15.0	0.006	0.005	0.630
15.1	0.005	0.005	0.472
15.2	0.005	-0.003	0.472
15.3	0.005	0.005	0.630
15.4	0.005	-0.003	0.472
15.5	0.004	-0.003	0.472
15.6	0.004	-0.003	0.472
15.7	0.004	-0.003	0.472
15.8	0.004	-0.003	0.472
15.9	0.004	-0.003	0.472
16.0	0.005	-0.003	0.472
16.1	0.005	-0.003	0.472
16.2	0.005	0.005	0.630
16.3	0.005	-0.003	0.472
16.4	0.005	0.005	0.472
16.5	0.005	0.005	0.630
16.6	0.005	-0.003	0.472
16.7	0.005	0.005	0.472
16.8	0.005	-0.003	0.472
16.9	0.005	-0.003	0.472
17.0	0.005	-0.003	0.472
17.1	0.004	-0.003	0.472
17.2	0.004	-0.003	0.472
17.3	0.004	-0.003	0.472
17.4	0.004	-0.003	0.472
17.5	0.004	-0.003	0.472
17.6	0.004	-0.003	0.472
17.7	0.004	0.005	0.630
17.8	0.004	-0.003	0.472
17.9	0.004	-0.003	0.472
18.0	0.004	0.005	0.472
18.1	0.004	-0.003	0.472
18.2	0.004	-0.003	0.472
18.3	0.004	-0.003	0.472
18.4	0.005	-0.003	0.472
18.5	0.005	-0.003	0.472
18.6	0.005	-0.003	0.630
18.7	0.005	-0.003	0.472
18.8	0.005	-0.003	0.472
18.9	0.005	0.005	0.472
19.0	0.005	-0.003	0.472
19.1	0.005	0.005	0.472
19.2	0.005	0.005	0.472
19.3	0.006	-0.003	0.472
19.4	0.006	-0.003	0.472
19.5	0.006	0.005	0.472
19.6	0.006	-0.003	0.472
19.7	0.006	-0.003	0.472
19.8	0.005	0.005	0.630
19.9	0.005	-0.003	0.472
20.0	0.005	-0.003	0.472
20.1	0.005	0.005	0.472
20.2	0.005	-0.003	0.472
20.3	0.004	-0.003	0.472
20.4	0.004	-0.003	0.472
20.5	0.004	-0.003	0.472
20.6	0.004	-0.003	0.472
20.7	0.004	-0.003	0.472
20.8	0.003	-0.003	0.472
20.9	0.003	-0.003	0.472
21.0	0.003	-0.003	0.630
21.1	0.004	-0.003	0.472
21.2	0.004	-0.003	0.472
21.3	0.004	0.005	0.472
21.4	0.004	-0.003	0.472
21.5	0.004	-0.003	0.472
21.6	0.004	-0.003	0.472
21.7	0.004	-0.003	0.472
21.8	0.004	-0.003	0.472
21.9	0.005	-0.003	0.472
22.0	0.005	-0.003	0.472
22.1	0.005	-0.003	0.472
22.2	0.005	0.005	0.630
22.3	0.005	-0.003	0.472
22.4	0.005	0.005	0.472
22.5	0.005	0.005	0.630
22.6	0.005	-0.003	0.472
22.7	0.006	-0.003	0.472
22.8	0.006	-0.003	0.472
22.9	0.006	-0.003	0.472
23.0	0.006	-0.003	0.472
23.1	0.006	0.005	0.472
23.2	0.005	-0.003	0.472
23.3	0.005	0.005	0.472
23.4	0.005	0.005	0.630
23.5	0.005	0.005	0.472
23.6	0.005	-0.003	0.472
23.7	0.005	0.005	0.630
23.8	0.005	-0.003	0.472
23.9	0.005	-0.003	0.472
24.0	0.004	-0.003	0.472
24.1	0.004	-0.003	0.472
24.2	0.004	-0.003	0.472
24.3	0.004	0.005	0.472
24.4	0.004	-0.003	0.472
24.5	0.004	-0.003	0.472
24.6	0.004	-0.003	0.630
24.7	0.004	-0.003	0.472
24.8	0.004	-0.003	0.472
24.9	0.004	0.005	0.472
25.0	0.005	-0.003	0.472
25.1	0.005	-0.003	0.472
25.2	0.005	0.005	0.472
25.3	0.005	-0.003	0.472
25.4	0.005	-0.003	0.472
25.5	0.005	-0.003	0.472
25.6	0.005	-0.003	0.472
25.7	0.005	-0.003	0.472
25.8	0.005	0.005	0.630
25.9	0.005	-0.003	0.472
26.0	0.005	-0.003	0.472
26.1	0.005	0.005	0.630
26.2	0.005	-0.003	0.472
26.3	0.005	0.005	0.472
26.4	0.005	-0.003	0.472
26.5	0.005	-0.003	0.472
26.6	0.005	-0.003	0.472
26.7	0.005	0.005	0.315
26.8	0.005	-0.003	1.102
26.9	0.005	-0.003	3.150
27.0	0.005	-0.003	5.039
27.1	0.005	0.005	6.142
27.2	0.005	-0.003	6.929
27.3	0.005	0.005	7.559
27.4	0.005	-0.003	7.874
27.5	0.005	-0.003	8.189
27.6	0.005	-0.003	8.346
27.7	0.005	-0.003	8.504
27.8	0.005	0.005	8.661
27.9	0.005	-0.003	8.661
28.0	0.005	-0.003	8.819
28.1	0.005	-0.003	8.976
28.2	0.005	-0.003	9.134
28.3	0.005	-0.003	9.134
28.4	0.005	-0.003	9.291
28.5	0.005	0.005	9.291
28.6	0.005	-0.003	9.449
28.7	0.005	-0.003	9.449
28.8	0.005	0.005	9.606
28.9	0.005	-0.003	9.764
29.0	0.005	0.005	9.764
29.1	0.005	0.005	9.921
29.2	0.005	-0.003	9.921
29.3	0.005	-0.003	10.079
29.4	0.005	-0.003	10.236
29.5	0.005	-0.003	10.394
29.6	0.005	-0.003	10.394
29.7	0.005	0.005	10.551
29.8	0.005	-0.003	10.551
29.9	0.005	0.005	10.709
30.0	0.005	0.005	10.709
30.1	0.005	-0.003	10.866
30.2	0.005	-0.003	11.024
30.3	0.005	-0.003	11.181
30.4	0.005	-0.003	11.181
30.5	0.005	-0.003	11.339
30.6	0.005	0.005	11.339
30.7	0.005	-0.003	11.496
30.8	0.005	-0.003	11.496
30.9	0.006	0.005	11.654
31.0	0.006	-0.003	11.811
31.1	0.006	-0.003	11.811
31.2	0.006	0.005	11.969
31.3	0.006	-0.003	12.126
31.4	0.006	-0.003	12.126
31.5	0.006	0.005	12.283
31.6	0.006	-0.003	12.283
31.7	0.006	0.005	12.441
31.8	0.006	0.005	12.598
31.9	0.006	0.005	12.598
32.0	0.006	0.005	12.756
32.1	0.006	0.005	12.913
32.2	0.006	-0.003	12.913
32.3	0.005	0.005	13.071
32.4	0.005	0.005	13.071
32.5	0.005	-0.003	13.228
32.6	0.005	-0.003	13.228
32.7	0.005	0.005	13.386
32.8	0.005	-0.003	13.543
32.9	0.005	-0.003	13.701
33.0	0.005	-0.003	13.701
33.1	0.005	-0.003	13.858
33.2	0.005	-0.003	13.858
33.3	0.005	0.005	14.016
33.4	0.005	-0.003	14.016
33.5	0.005	0.005	14.173
33.6	0.005	0.005	14.173
33.7	0.005	0.005	14.331
33.8	0.005	-0.003	14.488
33.9	0.005	-0.003	14.488
34.0	0.005	-0.003	14.646
34.1	0.005	-0.003	14.803
34.2	0.005	-0.003	14.803
34.3	0.005	0.005	14.961
34.4	0.005	-0.003	14.961
34.5	0.005	-0.003	15.118
34.6	0.005	-0.003	15.118
34.7	0.005	-0.003	15.276
34.8	0.005	0.005	15.433
34.9	0.005	-0.003	15.433
35.0	0.005	-0.003	15.591
35.1	0.005	0.005	15.748
35.2	0.005	-0.003	15.748
35.3	0.005	-0.003	15.906
35.4	0.006	-0.003	16.063
35.5	0.006	-0.003	16.063
35.6	0.006	-0.003	16.220
35.7	0.006	0.005	16.220
35.8	0.006	0.005	16.378
35.9	0.006	0.005	16.378
36.0	0.005	0.005	16.535
36.1	0.005	-0.003	16.693
36.2	0.005	-0.003	16.693
36.3	0.005	0.005	16.850
36.4	0.005	-0.003	16.850
36.5	0.005	-0.003	17.008
36.6	0.005	-0.003	17.165
36.7	0.005	-0.003	17.165
36.8	0.005	-0.003	17.323
36.9	0.005	0.005	17.480
37.0	0.005	-0.003	17.480
37.1	0.005	-0.003	17.638
37.2	0.006	0.005	17.638
37.3	0.006	0.005	17.795
37.4	0.006	0.005	17.795
37.5	0.006	-0.003	17.953
37.6	0.006	-0.003	17.953
37.7	0.006	-0.003	18.110
37.8	0.006	-0.003	18.268
37.9	0.006	-0.003	18.425
38.0	0.006	0.005	18.425
38.1	0.006	0.005	18.583
38.2	0.006	0.005	18.583
38.3	0.006	-0.003	18.740
38.4	0.006	0.005	18.898
38.5	0.006	0.005	18.898
38.6	0.006	0.005	19.055
38.7	0.005	0.005	19.213
38.8	0.006	-0.003	19.213
38.9	0.006	0.005	19.370
39.0	0.006	0.005	19.528
39.1	0.006	-0.003	19.528
39.2	0.006	-0.003	19.528
39.3	0.006	0.005	19.685
39.4	0.006	-0.003	19.843
39.5	0.006	0.005	20.000
39.6	0.006	0.005	20.000
39.7	0.005	-0.003	20.000
39.8	0.005	-0.003	20.157
39.9	0.005	0.005	20.315
40.0	0.005	0.005	20.472
40.1	0.005	-0.003	20.472
40.2	0.005	0.005	20.630
40.3	0.004	-0.003	20.630
40.4	0.005	-0.003	20.787
40.5	0.005	-0.003	20.945
40.6	0.005	-0.003	20.945
40.7	0.005	-0.003	21.102
40.8	0.006	0.005	21.102
40.9	0.006	-0.003	21.260
41.0	0.007	-0.003	21.417
41.1	0.007	-0.011	21.417
41.2	0.007	-0.003	21.575
41.3	0.007	-0.003	21.575
41.4	0.007	0.005	21.732
41.5	0.007	0.005	21.732
41.6	0.007	0.005	21.890
41.7	0.007	0.005	22.047
41.8	0.006	0.005	22.047
41.9	0.006	0.005	22.205
42.0	0.006	-0.003	22.362
42.1	0.006	-0.003	22.362
42.2	0.006	0.005	22.520
42.3	0.006	0.005	22.677
42.4	0.006	0.005	22.677
42.5	0.007	0.005	22.835
42.6	0.007	0.005	22.835
42.7	0.008	0.005	22.992
42.8	0.009	-0.003	22.992
42.9	0.009	-0.003	23.150
43.0	0.010	-0.011	23.307
43.1	0.010	-0.011	23.307
43.2	0.010	-0.011	23.465
43.3	0.010	-0.003	23.465
43.4	0.010	-0.003	23.622
43.5	0.010	0.005	23.622
43.6	0.010	0.005	23.780
43.7	0.009	0.005	23.937
43.8	0.009	0.005	24.094
43.9	0.008	0.005	24.094
44.0	0.008	-0.003	24.094
44.1	0.007	0.013	24.409
44.2	0.007	0.005	24.409
44.3	0.006	0.005	24.567
44.4	0.006	0.005	24.567
44.5	0.005	-0.003	24.724
44.6	0.005	-0.003	24.724
44.7	0.005	-0.003	24.882
44.8	0.005	-0.003	24.882
44.9	0.005	-0.003	25.039
45.0	0.005	0.005	25.197
45.1	0.005	-0.003	25.354
45.2	0.006	0.005	25.354
45.3	0.006	0.005	25.512
45.4	0.007	-0.003	25.512
45.5	0.008	0.005	25.669
45.6	0.008	0.005	25.669
45.7	0.008	-0.003	25.827
45.8	0.008	0.005	25.827
45.9	0.008	0.005	25.984
46.0	0.007	0.013	26.142
46.1	0.006	0.005	26.142
46.2	0.005	-0.003	26.299
46.3	0.004	-0.003	26.457
46.4	0.004	-0.003	26.457
46.5	0.005	-0.003	26.614
46.6	0.007	-0.003	26.614
46.7	0.010	-0.003	26.772
46.8	0.016	0.013	26.929
46.9	0.023	0.021	26.929
47.0	0.033	0.029	27.087
47.1	0.045	0.021	27.087
47.2	0.059	-0.027	27.244
47.3	0.075	-0.058	27.402
47.4	0.091	-0.090	27.559
47.5	0.108	-0.066	27.559
47.6	0.124	0.005	27.559
47.7	0.139	0.092	27.717
47.8	0.151	0.147	27.717
47.9	0.161	0.139	27.874
48.0	0.167	0.084	28.031
48.1	0.169	-0.019	28.031
48.2	0.168	-0.121	28.189
48.3	0.162	-0.168	28.346
48.4	0.152	-0.137	28.346
48.5	0.140	-0.066	28.504
48.6	0.126	0.021	28.661
48.7	0.110	0.076	28.661
48.8	0.094	0.084	28.661
48.9	0.078	0.084	28.819
49.0	0.064	0.036	28.976
49.1	0.052	0.013	29.134
49.2	0.043	-0.003	29.134
49.3	0.036	-0.011	29.291
49.4	0.032	-0.019	29.291
49.5	0.030	-0.019	29.449
49.6	0.029	-0.027	29.449
49.7	0.030	-0.027	29.606
49.8	0.031	-0.034	29.764
49.9	0.033	-0.011	29.764
50.0	0.033	0.021	29.921
50.1	0.033	0.036	30.079
50.2	0.032	0.036	30.079
50.3	0.030	0.021	30.236
50.4	0.028	0.021	30.236
50.5	0.025	0.005	30.394
50.6	0.022	-0.011	30.551
50.7	0.019	-0.003	30.551
50.8	0.017	-0.011	30.551
50.9	0.016	-0.003	30.551
51.0	0.016	-0.011	30.551
51.1	0.017	-0.019	30.551
51.2	0.019	-0.003	30.394
51.3	0.021	0.013	30.551
51.4	0.024	0.013	30.394
51.5	0.026	0.029	30.394
51.6	0.028	0.036	30.394
51.7	0.029	0.021	30.394
51.8	0.029	-0.003	30.394
51.9	0.028	0.013	30.394
52.0	0.027	-0.034	30.394
52.1	0.025	-0.019	30.551
52.2	0.022	-0.003	30.551
52.3	0.019	-0.003	30.551
52.4	0.017	0.013	30.394
52.5	0.014	0.013	30.394
52.6	0.013	0.005	30.394
52.7	0.012	-0.003	30.394
52.8	0.012	0.005	30.551
52.9	0.012	-0.003	30.394
53.0	0.013	0.021	30.394
53.1	0.014	0.021	30.236
53.2	0.015	0.013	30.236
53.3	0.015	0.013	30.079
53.4	0.016	0.013	29.921
53.5	0.016	0.005	27.559
53.6	0.015	-0.003	22.992
53.7	0.014	0.005	19.213
53.8	0.013	-0.011	15.591
53.9	0.012	-0.003	11.811
54.0	0.010	0.005	8.504
54.1	0.009	-0.003	5.827
54.2	0.007	-0.003	4.094
54.3	0.006	-0.003	2.677
54.4	0.005	-0.003	1.732
54.5	0.005	0.005	1.102
54.6	0.005	-0.003	0.787
54.7	0.005	0.005	0.630
54.8	0.005	-0.003	0.472
54.9	0.005	0.005	0.472
55.0	0.005	-0.003	0.472
55.1	0.006	-0.003	0.472
55.2	0.006	-0.003	0.472
55.3	0.006	-0.003	0.472
55.4	0.005	-0.003	0.472
55.5	0.005	-0.003	0.472
55.6	0.005	-0.003	0.472
55.7	0.005	-0.003	0.472
55.8	0.005	-0.003	0.472
55.9	0.004	-0.003	0.472
56.0	0.004	-0.003	0.472
56.1	0.004	0.005	0.472
56.2	0.004	-0.003	0.472
56.3	0.004	-0.003	0.472
56.4	0.004	0.005	0.472
56.5	0.004	-0.003	0.472
56.6	0.004	-0.003	0.472
56.7	0.005	-0.003	0.472
56.8	0.005	-0.003	0.472
56.9	0.005	-0.003	0.472
57.0	0.005	-0.003	0.630
57.1	0.005	-0.003	0.472
57.2	0.005	0.005	0.472
57.3	0.005	0.005	0.472
57.4	0.005	-0.003	0.472
57.5	0.005	-0.003	0.472
57.6	0.005	0.005	0.472
57.7	0.005	-0.003	0.472
57.8	0.005	-0.003	0.472
57.9	0.005	0.005	0.472
58.0	0.005	-0.003	0.472
58.1	0.005	0.005	0.472
58.2	0.006	0.005	0.630
58.3	0.006	-0.003	0.472
58.4	0.006	-0.003	0.472
58.5	0.006	0.005	0.630
58.6	0.006	-0.003	0.472
58.7	0.006	0.005	0.472
58.8	0.006	-0.003	0.472
58.9	0.006	-0.003	0.472
59.0	0.005	0.005	0.472
59.1	0.005	0.005	0.472
59.2	0.005	-0.003	0.472
59.3	0.005	-0.003	0.472
59.4	0.005	0.005	0.630
59.5	0.005	-0.003	0.472
59.6	0.006	-0.003	0.472
59.7	0.006	0.005	0.472
59.8	0.007	0.005	0.472
59.9	0.008	0.005	0.472
60.0	0.009	0.005	0.472
60.1	0.010	-0.003	0.472
60.2	0.011	-0.011	0.472
60.3	0.013	-0.011	0.472
60.4	0.014	-0.011	0.472
60.5	0.015	-0.003	0.472
60.6	0.016	0.005	0.472
60.7	0.017	0.013	0.472
60.8	0.018	0.021	0.472
60.9	0.018	0.013	0.630
61.0	0.018	-0.003	0.472
61.1	0.017	-0.011	0.472
61.2	0.017	-0.019	0.472
61.3	0.016	-0.011	0.472
61.4	0.014	-0.011	0.472
61.5	0.013	-0.003	0.472
61.6	0.012	-0.003	0.472
61.7	0.011	0.005	0.472
61.8	0.010	0.013	0.472
61.9	0.008	0.005	0.472
62.0	0.008	0.005	0.472
62.1	0.007	0.005	0.472
62.2	0.006	-0.003	0.472
62.3	0.006	0.005	0.472
62.4	0.005	-0.003	0.472
62.5	0.005	-0.003	0.472
62.6	0.005	-0.003	0.472
62.7	0.005	-0.003	0.472
62.8	0.005	-0.003	0.472
62.9	0.005	-0.003	0.472
63.0	0.005	-0.003	0.630
63.1	0.005	-0.003	0.472
63.2	0.005	-0.003	0.472
63.3	0.005	0.005	0.630
63.4	0.005	-0.003	0.472
63.5	0.005	-0.003	0.472
63.6	0.005	0.005	0.472
63.7	0.005	-0.003	0.472
63.8	0.005	-0.003	0.472
63.9	0.005	-0.003	0.472
64.0	0.005	-0.003	0.472
64.1	0.004	-0.003	0.472
64.2	0.004	-0.003	0.472
64.3	0.004	-0.003	0.472
64.4	0.004	-0.003	0.472
64.5	0.003	0.005	0.472
64.6	0.003	-0.003	0.472
64.7	0.003	-0.003	0.472
64.8	0.003	-0.003	0.472
64.9	0.004	-0.003	0.472
65.0	0.004	-0.003	0.472
65.1	0.004	-0.003	0.472
65.2	0.005	-0.003	0.472
65.3	0.005	0.005	0.472
65.4	0.006	-0.003	0.630
65.5	0.007	-0.003	0.472
65.6	0.007	-0.003	0.472
65.7	0.008	0.005	0.472
65.8	0.008	-0.003	0.472
65.9	0.008	-0.019	0.472
66.0	0.008	-0.003	0.472
66.1	0.008	-0.003	0.630
66.2	0.007	-0.003	0.472
66.3	0.007	-0.003	0.472
66.4	0.006	-0.003	0.472
66.5	0.006	-0.003	0.472
66.6	0.006	0.005	0.630
66.7	0.005	-0.003	0.630
66.8	0.005	-0.003	0.472
66.9	0.005	0.005	0.630
67.0	0.005	-0.003	0.472
67.1	0.005	0.005	0.472
67.2	0.005	0.005	0.472
67.3	0.005	-0.003	0.472
67.4	0.005	-0.003	0.472
67.5	0.005	-0.003	0.472
67.6	0.005	-0.003	0.472
67.7	0.005	-0.003	0.472
67.8	0.005	0.005	0.630
67.9	0.005	-0.003	0.630
68.0	0.005	-0.003	0.472
68.1	0.005	0.005	0.630
68.2	0.005	-0.003	0.472
68.3	0.005	-0.003	0.472
68.4	0.005	0.005	0.472
68.5	0.005	-0.003	0.472
68.6	0.005	-0.003	0.472
68.7	0.005	-0.003	0.472
68.8	0.005	-0.003	0.472
68.9	0.005	-0.003	0.472
69.0	0.005	0.005	0.630
69.1	0.005	-0.003	0.472
69.2	0.005	-0.003	0.472
69.3	0.005	0.005	0.472
69.4	0.005	-0.003	0.472
69.5	0.005	-0.003	0.472
69.6	0.005	-0.003	0.472
69.7	0.005	0.005	0.472
69.8	0.005	-0.003	0.472
69.9	0.005	0.005	0.630
70.0	0.005	-0.003	0.472
70.1	0.005	-0.003	0.472
70.2	0.005	0.005	0.472
70.3	0.005	-0.003	0.472
70.4	0.005	0.005	0.472
70.5	0.005	0.005	0.630
70.6	0.005	-0.003	0.472
70.7	0.005	-0.003	0.472
70.8	0.005	0.005	0.472
70.9	0.005	-0.003	0.472
71.0	0.005	-0.003	0.472
71.1	0.005	-0.003	0.472
71.2	0.005	-0.003	0.472
71.3	0.005	-0.003	0.472
71.4	0.005	0.005	0.630
71.5	0.005	-0.003	0.472
71.6	0.005	-0.003	0.472
71.7	0.005	0.005	0.630
71.8	0.005	-0.003	0.472
71.9	0.005	0.005	0.472
72.0	0.005	-0.003	0.472
72.1	0.005	-0.003	0.472
72.2	0.005	-0.003	0.472
72.3	0.005	0.005	0.630
72.4	0.005	-0.003	0.472
72.5	0.005	-0.003	0.630
72.6	0.005	-0.003	0.630
72.7	0.005	-0.003	0.630
72.8	0.005	-0.003	0.472
72.9	0.005	0.005	0.472
73.0	0.005	-0.003	0.472
73.1	0.005	0.005	0.472
73.2	0.005	0.005	0.472
73.3	0.005	-0.003	0.472
73.4	0.004	-0.003	0.472
73.5	0.004	-0.003	0.472
73.6	0.004	-0.003	0.472
73.7	0.004	-0.003	0.472
73.8	0.004	-0.003	0.630
73.9	0.004	-0.003	0.472
74.0	0.004	-0.003	0.472
74.1	0.005	0.005	0.472
74.2	0.005	-0.003	0.472
74.3	0.005	0.005	0.472
74.4	0.005	-0.003	0.472
74.5	0.006	-0.003	0.472
74.6	0.006	0.005	0.472
74.7	0.006	0.005	0.472
74.8	0.006	-0.003	0.472
74.9	0.006	-0.003	0.472
75.0	0.006	0.005	0.630
75.1	0.005	-0.003	0.472
75.2	0.005	-0.003	0.472
75.3	0.005	0.005	0.472
75.4	0.004	-0.003	0.472
75.5	0.004	-0.003	0.472
75.6	0.004	-0.003	0.472
75.7	0.004	-0.003	0.472
75.8	0.004	-0.003	0.472
75.9	0.004	-0.003	0.472
76.0	0.004	-0.003	0.472
76.1	0.004	-0.003	0.472
76.2	0.005	0.005	0.630
76.3	0.005	-0.003	0.472
76.4	0.005	-0.003	0.472
76.5	0.005	0.005	0.630
76.6	0.005	-0.003	0.472
76.7	0.005	-0.003	0.472
76.8	0.005	0.005	0.472
76.9	0.005	-0.003	0.472
77.0	0.005	-0.003	0.472
77.1	0.005	0.005	0.472
77.2	0.005	-0.003	0.472
77.3	0.005	-0.003	0.472
77.4	0.004	-0.003	0.472
77.5	0.004	-0.003	0.472
77.6	0.004	-0.003	0.472
77.7	0.004	0.005	0.472
77.8	0.004	-0.003	0.472
77.9	0.004	-0.003	0.472
78.0	0.004	-0.003	0.472
78.1	0.004	-0.003	0.472
78.2	0.004	-0.003	0.472
78.3	0.004	0.005	0.472
78.4	0.004	-0.003	0.472
78.5	0.004	0.005	0.472
78.6	0.004	-0.003	0.630
78.7	0.004	-0.003	0.472
78.8	0.004	-0.003	0.472
78.9	0.004	-0.003	0.472
79.0	0.004	-0.003	0.472
79.1	0.004	-0.003	0.472
79.2	0.004	-0.003	0.472
79.3	0.004	-0.003	0.472
79.4	0.004	-0.003	0.472
79.5	0.004	0.005	0.472
79.6	0.005	-0.003	0.472
79.7	0.005	-0.003	0.472
79.8	0.005	-0.003	0.472
79.9	0.005	0.005	0.630
80.0	0.005	-0.003	0.472
80.1	0.005	0.005	0.472
80.2	0.006	-0.003	0.472
80.3	0.006	0.005	0.472
80.4	0.006	0.005	0.472
80.5	0.006	-0.003	0.472
80.6	0.006	-0.003	0.472
80.7	0.006	0.005	0.630
80.8	0.005	-0.003	0.472
80.9	0.005	-0.003	0.472
81.0	0.005	0.005	0.630
81.1	0.005	-0.003	0.630
81.2	0.005	-0.003	0.472
81.3	0.005	0.005	0.630
81.4	0.005	-0.003	0.472
81.5	0.005	0.005	0.472
81.6	0.005	-0.003	0.472
81.7	0.005	-0.003	0.472
81.8	0.005	-0.003	0.472
81.9	0.005	0.005	0.630
82.0	0.005	-0.003	0.472
82.1	0.006	-0.003	0.472
82.2	0.006	0.005	0.630
82.3	0.006	0.005	0.630
82.4	0.006	-0.003	0.472
82.5	0.006	0.005	0.630
82.6	0.006	-0.003	0.472
82.7	0.006	-0.003	0.472
82.8	0.006	0.005	0.472
82.9	0.005	-0.003	0.472
83.0	0.005	-0.003	0.472
83.1	0.005	-0.003	0.472
83.2	0.005	0.005	0.472
83.3	0.005	-0.003	0.472
83.4	0.004	-0.003	0.630
83.5	0.004	-0.003	0.472
83.6	0.004	-0.003	0.472
83.7	0.004	0.005	0.472
83.8	0.004	-0.003	0.472
83.9	0.004	-0.003	0.472
84.0	0.004	-0.003	0.472
84.1	0.004	-0.003	0.472
84.2	0.004	-0.003	0.472
84.3	0.004	-0.003	0.472
84.4	0.005	-0.003	0.472
84.5	0.005	-0.003	0.472
84.6	0.005	0.005	0.630
84.7	0.005	-0.003	0.472
84.8	0.005	-0.003	0.472
84.9	0.005	0.005	0.630
85.0	0.005	-0.003	0.472
85.1	0.005	0.005	0.472
85.2	0.005	-0.003	0.472
85.3	0.005	-0.003	0.472
85.4	0.005	-0.003	0.472
85.5	0.005	-0.003	0.472
85.6	0.005	-0.003	0.472
85.7	0.005	-0.003	0.472
85.8	0.005	0.005	0.472
85.9	0.005	-0.003	0.472
86.0	0.005	-0.003	0.472
86.1	0.005	0.005	0.630
86.2	0.005	-0.003	0.472
86.3	0.005	-0.003	0.472
86.4	0.006	0.005	0.472
86.5	0.006	-0.003	0.472
86.6	0.006	-0.003	0.472
86.7	0.006	0.005	0.472
86.8	0.006	-0.003	0.472
86.9	0.006	-0.003	0.472
87.0	0.006	0.005	0.630
87.1	0.005	0.005	0.630
87.2	0.005	-0.003	0.472
87.3	0.005	0.005	0.630
87.4	0.005	-0.003	0.472
87.5	0.005	0.005	0.472
87.6	0.005	0.005	0.472
87.7	0.005	-0.003	0.472
87.8	0.005	-0.003	0.472
87.9	0.005	0.005	0.472
88.0	0.005	-0.003	0.472
88.1	0.005	0.005	0.472
88.2	0.005	0.005	0.472
88.3	0.005	-0.003	0.472
88.4	0.005	-0.003	0.472
88.5	0.005	0.005	0.630
88.6	0.005	-0.003	0.472
88.7	0.005	-0.003	0.472
88.8	0.005	-0.003	0.472
88.9	0.006	-0.003	0.472
89.0	0.006	0.005	0.472
89.1	0.006	-0.003	0.472
89.2	0.006	-0.003	0.472
89.3	0.006	0.005	0.472
89.4	0.006	0.005	0.630
89.5	0.006	-0.003	0.472
89.6	0.006	0.005	0.472
89.7	0.006	0.005	0.630
89.8	0.005	-0.003	0.472
89.9	0.005	-0.003	0.472
90.0	0.005	0.005	0.472
90.1	0.005	-0.003	0.472
90.2	0.004	-0.003	0.472
90.3	0.004	-0.003	0.472
90.4	0.004	-0.003	0.472
90.5	0.004	-0.003	0.472
90.6	0.004	-0.003	0.472
90.7	0.004	-0.003	0.472
90.8	0.004	-0.003	0.472
90.9	0.004	0.005	0.472
91.0	0.005	-0.003	0.472
91.1	0.005	-0.003	0.472
91.2	0.005	0.005	0.472
91.3	0.005	-0.003	0.472
91.4	0.005	-0.003	0.472
91.5	0.005	-0.003	0.472
91.6	0.005	-0.003	0.472
91.7	0.005	0.005	0.472
91.8	0.005	-0.003	0.630
91.9	0.005	-0.003	0.472
92.0	0.005	-0.003	0.472
92.1	0.005	0.005	0.472
92.2	0.005	-0.003	0.472
92.3	0.005	-0.003	0.472
92.4	0.005	-0.003	0.472
92.5	0.005	-0.003	0.472
92.6	0.005	-0.003	0.472
92.7	0.005	0.005	0.472
92.8	0.005	-0.003	0.472
92.9	0.005	-0.003	0.472
93.0	0.005	0.005	0.630
93.1	0.005	-0.003	0.472
93.2	0.005	-0.003	0.472
93.3	0.005	0.005	0.472
93.4	0.005	-0.003	0.472
93.5	0.005	-0.003	0.472
93.6	0.005	-0.003	0.472
93.7	0.004	-0.003	0.472
93.8	0.005	-0.003	0.472
93.9	0.005	-0.003	0.472
94.0	0.005	-0.003	0.472
94.1	0.005	-0.003	0.472
94.2	0.005	-0.003	0.630
94.3	0.005	-0.003	0.472
94.4	0.005	0.005	0.472
94.5	0.006	0.005	0.472
94.6	0.006	-0.003	0.472
94.7	0.006	0.005	0.472
94.8	0.006	-0.003	0.472
94.9	0.006	-0.003	0.472
95.0	0.006	-0.003	0.472
95.1	0.006	0.005	0.472
95.2	0.006	-0.003	0.472
95.3	0.006	-0.003	0.472
95.4	0.006	0.005	0.472
95.5	0.007	0.005	0.472
95.6	0.007	-0.003	0.472
95.7	0.007	0.005	0.630
95.8	0.007	-0.003	0.472
95.9	0.006	-0.003	0.472
96.0	0.006	0.005	0.472
96.1	0.006	-0.003	0.472
96.2	0.006	0.005	0.472
96.3	0.005	-0.003	0.472
96.4	0.005	-0.003	0.472
96.5	0.005	-0.003	0.472
96.6	0.005	0.005	0.630
96.7	0.005	0.005	0.472
96.8	0.005	-0.003	0.472
96.9	0.005	0.005	0.630
97.0	0.006	-0.003	0.472
97.1	0.006	-0.003	0.472
97.2	0.006	0.005	0.472
97.3	0.006	-0.003	0.472
97.4	0.007	-0.003	0.472
97.5	0.007	0.005	0.472
97.6	0.006	-0.003	0.472
97.7	0.006	0.005	0.472
97.8	0.006	-0.003	0.472
97.9	0.005	-0.003	0.472
98.0	0.005	-0.003	0.472
98.1	0.004	0.005	0.630
98.2	0.004	-0.003	0.472
98.3	0.004	-0.003	0.472
98.4	0.005	0.005	0.472
98.5	0.006	-0.003	0.472
98.6	0.007	-0.003	0.472
98.7	0.009	-0.003	0.472
98.8	0.010	-0.003	0.472
98.9	0.012	0.005	0.472
99.0	0.012	0.005	0.630
99.1	0.012	-0.003	0.472
99.2	0.011	0.005	0.472
99.3	0.009	0.005	0.630
99.4	0.006	-0.003	0.472
99.5	0.003	-0.003	0.472
99.6	0.001	-0.003	0.472
99.7	0.004	-0.003	0.472
99.8	0.006	-0.003	0.472
99.9	0.006	0.005	0.472
