#U N I
320  26263  0.3
330  26807  0.4
340  27259  0.5
350  27506  0.6
360  27412  0.7
370  27954  0.8
380  27748  0.9
390  28205  1.0
400  27820  1.1
410  28108  1.2
420  28208  1.3
430  28150  1.4
440  27913  1.5
450  28393  1.6
460  28147  1.7
470  28056  1.8
480  28331  1.9
490  28082  2.0
500  28407  2.1
510  28304  2.2
520  28286  2.3
530  28323  2.4
540  28511  2.5
550  28715  2.6
560  28409  2.7
570  29457  2.8
580  28594  2.9
590  28503  3.0
600  28899  3.1
610  28995  3.2
620  28865  3.2
630  28929  3.3
640  29121  3.4
650  29561  3.5
660  29463  3.6
670  30060  3.8
680  30384  3.9
690  31166  4.1
700  32348  4.2
