6.853748619731180869e-10 4.277773455656194687e+09
8.952885440370052731e-10 5.587951617905703545e+09
1.100553945485894562e-09 6.869117494277035713e+09
1.308805351559659714e-09 8.168920545764461517e+09
1.532175689479060270e-09 9.563088548340026855e+09
1.717106675252200186e-09 1.071733698370166588e+10
1.946086204411129085e-09 1.214651480458757210e+10
2.127282396738167171e-09 1.327745249257207870e+10
2.372393961179008005e-09 1.480731855888910866e+10
2.561548313647360090e-09 1.598792717602086639e+10
2.765173000567215118e-09 1.725885251768626404e+10
2.984014209591473957e-09 1.862475192093050003e+10
3.224304087701071458e-09 2.012452338800893021e+10
3.381115063572007754e-09 2.110326052494603729e+10
3.623832024727324575e-09 2.261818065300359726e+10
3.849443969204448292e-09 2.402633966336583328e+10
4.023860788535526152e-09 2.511496383292828751e+10
4.273199914536001537e-09 2.667121626330001068e+10
4.435526454747069998e-09 2.768437884540044785e+10
4.663651780667044017e-09 2.910822514897505951e+10
4.878738598600013788e-09 3.045069148596088028e+10
5.084207181442643121e-09 3.173312552085545349e+10
5.261127284206096255e-09 3.283737395680574799e+10
5.432700679087585659e-09 3.390825086671733475e+10
5.702418247738392771e-09 3.559169553286239624e+10
5.703228434667480961e-09 3.559675232197396851e+10
6.085192697768761968e-09 3.798078575588188934e+10
6.315124723713293531e-09 3.941590859414750671e+10
6.436208865358662885e-09 4.017165636922682190e+10
6.621831350232799737e-09 4.133022080253787231e+10
6.651654252554998361e-09 4.151636071954219818e+10
6.844343046769677008e-09 4.271902958708856201e+10
7.005253940455341166e-09 4.372335639848165894e+10
7.103954534690977832e-09 4.433939705813349152e+10
7.331228999083597015e-09 4.575793270172025299e+10
7.584830339321355819e-09 4.734078778115044403e+10
7.701421800947867319e-09 4.806849445289238739e+10
7.893216967207855265e-09 4.926558573340439606e+10
7.790280697415605617e-09 4.862310806611169434e+10
