#$SPEC_ID:
#No sample description was entered.
#$SPEC_REM:
#DET# 1
#DETDESC# MYON MCB 337
#AP# Maestro Version 6.06
#$DATE_MEA:
#04/23/2018 13:55:07
#$MEAS_TIM:
#153426 153430
#$DATA:
#0 507
#
301
316
419
313
299
311
289
270
290
429
464
316
233
270
255
216
231
250
215
212
212
187
162
190
198
201
168
158
192
198
167
157
177
172
143
152
149
148
112
141
138
157
138
131
126
113
116
133
97
99
110
110
112
91
100
118
94
88
89
84
90
85
82
89
88
85
91
79
79
68
57
65
81
72
65
60
57
64
76
66
53
53
55
54
61
54
48
53
51
48
70
49
52
51
47
41
52
38
53
34
40
32
38
40
38
35
37
39
41
31
40
31
45
27
44
27
21
32
22
34
28
30
20
23
23
30
22
20
29
23
20
26
26
22
26
22
11
25
23
22
16
21
19
14
18
23
25
22
14
12
19
13
18
18
16
15
16
14
9
13
11
23
13
10
10
14
13
15
8
12
14
16
15
14
11
11
11
6
13
6
12
10
15
8
10
14
12
8
7
12
10
11
4
8
12
4
5
6
5
5
8
6
5
9
9
6
3
9
6
5
3
5
6
3
6
10
12
6
9
11
5
5
3
6
8
8
5
7
6
9
5
6
1
10
6
6
3
0
8
4
3
7
6
7
6
5
4
7
5
7
3
4
5
4
3
7
3
2
5
3
2
2
3
5
4
4
3
5
2
8
3
3
2
8
6
2
6
3
2
3
7
4
2
1
3
2
5
2
7
4
4
2
3
5
3
3
5
3
2
4
8
6
4
0
2
2
5
4
4
5
1
4
1
5
6
2
4
7
3
4
5
6
4
5
4
7
1
7
4
5
1
2
5
0
4
6
0
1
0
5
4
5
0
3
2
2
3
1
2
7
1
1
2
1
3
3
2
4
0
7
3
6
3
5
3
5
3
8
3
2
5
3
1
5
4
5
1
2
7
1
2
6
6
5
5
2
4
2
4
4
3
3
3
2
0
6
2
3
0
4
1
7
3
3
2
4
4
4
0
6
1
0
5
3
2
3
3
5
2
2
4
5
2
4
1
8
4
7
1
0
2
2
0
0
0
0
0
0
0
0
0
0
0
0
0
0
0
0
0
0
0
0
0
0
0
0
0
0
0
0
0
0
0
0
0
0
0
0
0
0
1
0
0
0
0
0
0
0
0
0
0
0
0
0
0
0
0
0
0
0
0
0
0
0
0
0
0
0
0
0
0
0
0
0
0
0
0
#$ROI:
#1
#434 454
#$PRESETS:
#None
#0
#0
#$ENER_FIT:
#-2.326062 0.088583
#$MCA_CAL:
#3
#-2.326062E+000 8.858320E-002 -1.636990E-004 micr
#$SHAPE_CAL:
#3
#0.000000E+000 0.000000E+000 0.000000E+000
