-9.162907318741549956e-01 -1.924928409584393757e-03
2.797281334830152844e+00 -1.924928409584393757e-03
3.478158422798283578e+00 -1.924928409584393757e-03
3.878466221899303346e+00 -1.924928409584393757e-03
4.164336934042135674e+00 -1.924928409584393757e-03
4.385769620952715719e+00 -1.924928409584393757e-03
4.567468318804079885e+00 -1.924928409584393757e-03
4.718498871295094155e+00 -1.924928409584393757e-03
4.852030263919616893e+00 -7.722046093910277763e-03
4.969813299576000709e+00 -1.355296640470345614e-02
5.075173815233826602e+00 -1.355296640470345614e-02
5.170483995038151370e+00 -1.355296640470345614e-02
5.257495372027781499e+00 -1.355296640470345614e-02
5.337538079701317884e+00 -1.355296640470345614e-02
5.411646051855039552e+00 -1.941808585710162738e-02
5.480638923341991209e+00 -1.941808585710162738e-02
5.545177444479562290e+00 -1.941808585710162738e-02
5.605802066295997754e+00 -3.125254350410442555e-02
5.662960480135946106e+00 -3.125254350410442555e-02
5.717027701406221851e+00 -3.722271049060821985e-02
5.768320995793771999e+00 -3.722271049060821985e-02
5.817111159963204159e+00 -4.322873455082007488e-02
5.863631175598096767e+00 -4.322873455082007488e-02
5.908082938168931264e+00 -6.146632210060102436e-02
5.950642552587726897e+00 -6.146632210060102436e-02
5.991464547107981709e+00 -6.146632210060102436e-02
6.684611727667927106e+00 -2.088234975394612225e-01
6.802394763324310922e+00 -2.401136555326713051e-01
6.907755278982136815e+00 -2.851212515901072608e-01
7.074116816197362212e+00 -3.566749439387324472e-01
7.467371066917559475e+00 -5.943465958158518081e-01
7.565275281898931503e+00 -6.480267452794756800e-01
7.600902459542082212e+00 -6.703325027937740987e-01