-9.162907318741549956e-01 -9.737175277858316907e-03
2.995732273553990854e+00 -9.737175277858316907e-03
3.688879454113936252e+00 -9.737175277858316907e-03
4.382026634673881205e+00 -1.365874893104001599e-02
4.787491742782045812e+00 -3.953083875663520458e-02
5.075173815233826602e+00 -2.750664578983358713e-02
5.298317366548036311e+00 -5.989814158106895881e-02
5.480638923341991209e+00 -7.649603299010677981e-02
5.634789603169249261e+00 -9.763846956391605825e-02
5.768320995793771999e+00 -9.763846956391605825e-02
5.886104031450155816e+00 -1.457878134614986887e-01
5.991464547107981709e+00 -1.547968834038646324e-01
6.214608098422191418e+00 -2.011014514455509161e-01
6.309918278226516186e+00 -2.202407916562483803e-01
6.396929655216146315e+00 -2.546422183735806977e-01
6.476972362889682699e+00 -2.799600263578705950e-01
6.551080335043404368e+00 -3.218509680670308404e-01
6.620073206530356025e+00 -3.434734320801964280e-01
6.684611727667927106e+00 -3.768098523477882988e-01
6.745236349484362570e+00 -4.171611478713557197e-01
6.802394763324310922e+00 -4.470141110210367752e-01
6.856461984594586667e+00 -4.715552199371544351e-01
6.907755278982136815e+00 -5.031035776720804709e-01
