3.478158422798283578e+00 -3.415335672623698859e-01
3.879499813722585788e+00 -5.504347618610364590e-01
4.158883083359671495e+00 -7.593699671730811396e-01
4.382026634673881205e+00 -9.114481073983671244e-01
4.564348191467836102e+00 -1.068017168089906876e+00
4.718498871295094155e+00 -1.187921095315428222e+00
4.852030263919616893e+00 -1.267433158243161717e+00
4.969813299576000709e+00 -1.384354496302063975e+00
5.075173815233826602e+00 -1.448376355066995025e+00
5.170483995038151370e+00 -1.534636699351402012e+00
5.257495372027781499e+00 -1.571338066201829919e+00
5.337538079701317884e+00 -1.679818709195899817e+00
5.411646051855039552e+00 -1.744357230333471120e+00
5.480638923341991209e+00 -1.766830086185529725e+00
5.545177444479562290e+00 -1.862140265989854715e+00
5.605802066295997754e+00 -1.887458073974144446e+00
5.662960480135946106e+00 -1.887458073974144446e+00
5.717027701406221851e+00 -1.967500781647680830e+00
5.768320995793771999e+00 -2.024659195487629404e+00
5.817111159963204159e+00 -2.085283817304064424e+00
