4.568506201616499673e+00 -2.987462920571610225e-01
4.718498871295094155e+00 -3.525226888379651147e-01
4.852030263919616893e+00 -4.330259076870358048e-01
4.969813299576000709e+00 -5.075946031845443018e-01
5.075173815233826602e+00 -5.639942916466688105e-01
5.170483995038151370e+00 -6.346951054787763891e-01
5.257495372027781499e+00 -6.950908157685162791e-01
5.337538079701317884e+00 -7.511054573231876752e-01
5.411646051855039552e+00 -7.931284470980355383e-01
5.480638923341991209e+00 -8.550951708472352975e-01
5.545177444479562290e+00 -9.018326486989250990e-01
5.605802066295997754e+00 -9.508620759392436561e-01
5.662960480135946106e+00 -1.002419885604093786e+00
5.717027701406221851e+00 -1.045669869397910512e+00
5.768320995793771999e+00 -1.068017168089906876e+00
5.817111159963204159e+00 -1.114268185740662664e+00
5.863631175598096767e+00 -1.162762535679273235e+00
5.908082938168931264e+00 -1.213728979271300634e+00
5.950642552587726897e+00 -1.213728979271300634e+00
5.991464547107981709e+00 -1.267433158243161717e+00
