#I/microA x/mm Dunkel 1.25nano b=0.1 g=0.4
0.81  26.25
1.68  26.75
1.80  27.25
0.80  27.75
1.30  28.25
1.65  28.75
0.74  29.25
0.56  29.50
1.00  30.00
1.10  30.25
0.52  30.75
0.32  31.25
0.42  31.50
0.48  31.75
0.26  32.25
0.11  32.75
0.12  33.25
0.069 33.75
0.045 34.25
0.056 35.00
0.040 35.75
0.094 36.25
0.090 36.75
0.048 37.25
0.090 37.75
0.11  38.25
0.052 39.25
0.068 39.75
0.038 40.25
1.60  25.75
1.60  25.25
0.67  24.75
0.94  24.25
1.10  23.75
0.44  23.25
0.30  23.00
0.50  22.50
0.53  22.25
0.24  21.75
0.10  21.25
0.13  21.00
0.14  20.75
0.073 20.25
0.027 19.75
0.045 19.25
0.037 18.75
0.033 18.25
0.084 17.75
0.087 17.25
0.048 16.75
0.10  16.25
0.11  15.75
0.050 15.25
