#I/microA x/mm Dunkel 1.25nano b=0.15 g=0.25
0.50   26.25
1.40   26.75
2.50   27.25
2.80   27.75
2.00   28.25
0.80   28.75
0.29   29.25
0.52   29.75
0.78   30.25
0.67   30.75
0.35   31.25
0.10   31.75
0.032  32.25
0.030  32.75
0.064  33.25
0.12   33.75
0.14   34.25
0.10   34.75
0.042  35.25
0.016  35.75
0.032  36.75
0.019  37.75
0.014  38.75
0.048  39.75
0.044  40.75
0.36   25.75
0.70   25.25
0.80   24.75
0.50   24.25
0.21   23.75
0.044  23.25
0.012  22.75
0.021  22.25
0.060  21.75
0.11   21.25
0.11   20.75
0.062  20.25
0.028  19.75
0.029  19.25
0.037  18.75
0.030  18.25
0.020  17.75
0.011  17.25
0.008  16.75
0.018  16.25
0.052  15.25
0.026  14.25
0.0074 13.25
0.013  12.25
0.018  11.25
