#I/microA x/mm Dunkel 1.15nano
0.99  26.25
0.98  27.25
0.96  27.50
0.93  27.75
0.90  28.00
0.85  28.50
0.82  28.75
0.79  29.00
0.76  29.25
0.71  29.50
0.68  29.75
0.64  30.00
0.60  30.25
0.56  30.50
0.52  30.75
0.48  31.00
0.44  31.25
0.40  31.50
0.36  31.75
0.30  32.25
0.26  32.50
0.20  33.00
0.15  33.50
0.11  34.00
0.10  34.25
0.080 34.50
0.056 35.00
0.047 35.25
0.034 35.75
0.026 36.50
0.032 37.50
0.038 38.00
0.045 38.50
0.052 39.00
0.060 40.00
0.060 41.00
0.053 42.00
0.047 42.50
0.040 43.00
0.027 44.00
0.016 45.00
0.010 46.00
0.010 47.00
0.018 49.00
0.020 49.50
0.022 50.00
0.94  25.25
0.92  25.00
0.90  24.75
0.87  24.50
0.81  24.00
0.79  23.75
0.74  23.50
0.71  23.25
0.67  23.00
0.64  22.75
0.60  22.50
0.56  22.25
0.52  22.00
0.48  21.75
0.44  21.50
0.40  21.25
0.36  21.00
0.33  20.75
0.30  20.25
0.24  20.00
0.18  19.50
0.14  19.00
0.10  18.50
0.085 18.25
0.071 18.00
0.052 17.50
0.044 17.25
0.036 16.75
0.032 16.00
0.040 15.00
0.046 14.50
0.052 14.00
0.057 13.50
0.062 12.50
0.059 11.50
0.049 10.50
0.042 10.00
0.035  9.50
0.022  8.50
0.012  7.50
0.008  6.50
0.010  5.50
0.019  3.50
0.021  3.00
0.022  2.50
0.023  2.00
0.021  1.00
