293.15 -4.414419520917583384e+00 1.798695556274521046e-02
298.15 -4.505585530771317515e+00 1.821513916140157438e-02
303.15 -4.619618963306908910e+00 1.806917583628394122e-02
308.15 -4.710807218796108309e+00 1.834367907286706470e-02
313.15 -4.803253994073824806e+00 1.839597644603238949e-02
318.15 -4.895540927771247830e+00 1.828305204687162913e-02
323.15 -4.985831568596554852e+00 1.830223552462803549e-02
328.15 -5.066492174938974635e+00 1.824764879732124895e-02
333.15 -5.138030321269400069e+00 1.847631357669447458e-02
338.15 -5.218920785294658415e+00 1.808512447477207685e-02
343.15 -5.279283448490202701e+00 1.809865472937085065e-02
