1.000401115224763515e+02 2.143868891352204820e+00
1.333116662518902018e+01 2.438372172726381570e-01
1.599433802993621789e+01 3.048869475678284147e-01
2.008637606906960471e+01 3.714916724212397603e-01
2.409726403478678236e+01 4.709015007594276048e-01
2.898677240174498237e+01 5.720671095711503673e-01
3.484232656407677098e+01 6.725843846378511959e-01
4.171992610120342704e+01 8.081403644568440070e-01
4.900077991052793891e+01 9.387281659060340289e-01
5.650890259263906046e+01 1.130653126937228858e+00
6.639574911980697891e+01 1.229396454304695796e+00
7.487031439013205159e+01 1.389649207542731801e+00
