1.289549999999999841e+01 2.819551102756005789e-02
9.788450000000001694e+01 9.945502818650700516e-02
8.927499999999999147e+01 2.400173604832225582e-01
7.956250000000000000e+01 1.105573003770762008e-01
7.252750000000000341e+01 2.504454365059726184e-01
6.607999999999999829e+01 2.458658170628842676e-01
6.010750000000000171e+01 1.871441066843052836e-01
5.481999999999999318e+01 1.766823892374866090e-01
5.047749999999999915e+01 1.461377774567549359e-01
4.689749999999999375e+01 1.920232190821379026e-01
4.316250000000000142e+01 6.750000000000029587e-02
4.054249999999999687e+01 6.920681565664923984e-02
