7.153175701761918406e-19 4.784419157899775659e-22
9.443716713944154729e-19 6.316453146375762959e-22
1.595959007475844716e-18 1.067461106639581484e-21
1.343075702150251173e-18 8.983194860283649281e-22
1.382859716130812983e-19 9.249291216088061288e-23
3.460950159120411608e-19 2.314865024460865778e-22
1.614310205625064206e-19 1.079735350647583852e-22
2.230898006281245276e-19 1.492141617315980552e-22
5.531452699824462015e-19 3.699725740210460220e-22
1.567021067620603452e-18 1.048105894408534705e-21
5.444098872771575941e-19 3.641298918181644738e-22
3.815145167364147548e-19 2.551769226696020238e-22
3.640211887448999860e-19 2.434764672260970596e-22
1.886525956977736383e-19 1.261807525322813691e-22
5.218878312274364319e-19 3.490659592472034118e-22
2.027369021995631347e-19 1.356010755695438706e-22
3.176305048616483939e-19 2.124479442353320556e-22
3.657917165910097669e-19 2.446606891297245561e-22
3.382644010416324029e-19 2.262489764344033016e-22
4.489318483053544132e-19 3.002691706698107869e-22
5.714947314274174206e-19 3.822456564301415269e-22
4.342672255122779788e-19 2.904607016541137830e-22
6.022849887954475171e-19 4.028397957844961541e-22
6.790223445684749964e-19 4.541657648917012594e-22
2.663018147340191392e-19 1.781166236253767623e-22
