5.260001277959671309e-19 3.518164789192698645e-22
7.744410398588422802e-19 5.179867938727995031e-22
1.290313112120533710e-18 8.630290979429144225e-22
1.075742491174282392e-18 7.195130104903396895e-22
1.066017636566329041e-19 7.130085175722332652e-23
2.904659311024124798e-19 1.942788522783349058e-22
1.238343969261244458e-19 8.282694089485044993e-23
1.798352005351295423e-19 1.202832160956276171e-22
3.930515890045866578e-19 2.628935218260186540e-22
1.315593074080700506e-18 8.799376626638127731e-22
4.415759829080248178e-19 2.953491820106133685e-22
2.993961805319788210e-19 2.002518715689301076e-22
2.837429658781889455e-19 1.897821804562313239e-22
1.427312117209516509e-19 9.546612193794796980e-23
4.283898739020672072e-19 2.865296205771203892e-22
1.478877703807496814e-19 9.891509887761617605e-23
2.380681394803978639e-19 1.592324605049218874e-22
2.894295047919545598e-19 1.935856359919958175e-22
2.798355407143833939e-19 1.871686895269974074e-22
3.728199405802430808e-19 2.493615340274412339e-22
4.764507913414226543e-19 3.186752833890171616e-22
3.612155233770975597e-19 2.415998910456652684e-22
4.901131330608489557e-19 3.278133742439777171e-22
5.612921973171654942e-19 3.754216664023007863e-22
2.173905344136113406e-19 1.454021935094318914e-22
