3.566505531192113657e-07
5.737433872922182725e-07
5.328008086512791590e-07
5.087005187492216807e-07
4.282366450087442200e-07
6.546839129641361385e-07
4.196004573112908437e-07
5.249965569708084458e-07
3.171213222629962140e-07
6.560254104302817305e-07
5.416383287354554622e-07
4.625800546484874592e-07
4.489841051901064361e-07
3.969379165957951039e-07
5.767197565566107675e-07
3.466104102554388886e-07
3.827763909964060671e-07
4.801866693704718831e-07
6.020170949894013784e-07
6.152996734017065819e-07
6.292717695865985137e-07
6.209479677131499622e-07
5.508118857424380389e-07
5.993694840178392358e-07
5.599906644373293049e-07
