# Fallzeit für 0.5 mm t_0 [s] Ruhespannung U [V] Temperatur T [°C] Luftviskosität b
37.724  17.6  26   1.853
14.577  55.5  26   1.853
16.949  26.3  27   1.858
18.593  27.2  27   1.858
26.293  157.6 28   1.862
11.280  225   29   1.867
27.460  127   29   1.867
17.560  180   29.5 1.869
48.204  16    30   1.872
11.264  50    30   1.872
16.524  81    30   1.872
22.679  72    30.5 1.874
24.099  69    31   1.876
30.833  92    31   1.876
14.606  102   31   1.876
40.480  57    31.5 1.878
33.192  49    31.5 1.878
21.125  84    32   1.881
13.440  179   32   1.881
12.866  144   32   1.881
12.301  121   32   1.881
12.633  153   32   1.881
16.055  77    32   1.881
13.559  88    32   1.881
15.533  183   32   1.881
