0.085 22.5
0.090 23.0
0.095 24.5
0.100 26.0
0.105 27.5
0.110 29.5
0.115 31.0
0.120 32.5
0.125 34.0
0.130 36.0
0.135 38.0
0.140 40.0
0.145 41.5
0.150 43.0
0.155 44.5
0.160 46.0
0.165 47.5
0.170 48.5
0.175 49.5
0.180 51.0
0.185 52.0
0.190 53.0
0.195 53.5
0.200 54.5
0.250 63.0
0.300 69.0
0.350 72.5
0.400 76.0
0.450 78.5
0.500 81.5
0.550 84.0
0.600 86.0
0.650 88.0
0.700 90.0
0.750 92.0
0.800 93.5
0.850 95.5
0.900 97.0
0.950 98.5
1.000 100.0
3.4 132.0
3.7 134.9
4.0 137.5
4.4 140.9
4.6 142.5
5.0 145.5
5.4 148.4
5.8 151.0
6.0 152.3
6.4 154.7
6.6 155.8
7.2 158.8
7.4 160.1
7.6 161.1
8.0 163.0
8.4 164.9
8.6 165.8
9.0 167.5
9.4 169.2
9.7 170.3
10.0 171.5
10.3 172.6
10.9 174.4
11.8 177.3
12.3 178.6
12.6 179.3
12.9 179.9
13.2 180.5
13.6 181.2
14.0 182.0
14.7 183.0
15.0 183.5
