1.768587206223213434e+04 4.888119732530071988e-03
3.126414812181591697e+04 8.978885097427030670e-03
3.879543854153060965e+04 1.175156878164765849e-02
4.350174576708285167e+04 1.432382610603741800e-02
4.427706122240158584e+04 1.519584326076437071e-02
4.417090562341397163e+04 1.638268372306873541e-02
4.296423235162683704e+04 1.713194061316779607e-02
4.154816249177786085e+04 1.762037995876357399e-02
4.084469158526974206e+04 1.784196856108756502e-02
3.970411729228152399e+04 1.828015474301051754e-02
3.928949619977331167e+04 1.851631246644150700e-02
3.863991986160101078e+04 1.937146027934841599e-02
3.861715730775745033e+04 1.987504376738074077e-02
3.871896988751822209e+04 2.033212403633091400e-02
3.921605084263849130e+04 2.139600768546963058e-02
4.012924043783458910e+04 2.275855474367286663e-02
4.071052941372655914e+04 2.352276691972891159e-02
4.206988434640988271e+04 2.519908022415322593e-02
4.376492820194900560e+04 2.721036385244317984e-02
4.503386893296893686e+04 2.870730851775130446e-02
4.656427009738609922e+04 3.052911520562353459e-02
4.809280619242646208e+04 3.238271860901101307e-02
5.082825257501369197e+04 3.582102394293100456e-02
5.573459530049667228e+04 4.251550380093453013e-02
5.808086584710457828e+04 4.601940235485445230e-02
5.936986648633740697e+04 4.804350083818983985e-02
6.048531863249792514e+04 4.985747661439993844e-02
6.160805232700893976e+04 5.174608790783102874e-02
6.292396226458687306e+04 5.404592314621618765e-02
6.443129440329939098e+04 5.680459649901432179e-02
6.631263938768893422e+04 6.045390263600184527e-02
6.724915773100992374e+04 6.236441037488001105e-02
