#Freq f | Quell Us | Brücke Ubr
378       2.925      0.0152
375       2.925      0.0176
370       2.925      0.04
365       2.94       0.064
360       2.94       0.0808
355       2.925      0.102
350       2.925      0.131
345       2.925      0.156
340       2.925      0.188
335       2.925      0.208
330       2.925      0.240
325       2.94       0.266
320       2.94       0.290
315       2.94       0.312
310       2.94       0.336
305       2.94       0.364
300       2.94       0.384
385       2.86       0.033
390       2.9        0.067
395       2.9        0.085
400       2.95       0.11
405       2.95       0.127
410       2.94       0.158
415       2.95       0.166
420       2.95       0.194
430       2.85       0.238
440       2.85       0.270
450       2.86       0.296
500       2.86       0.496
600       2.85       0.776
1000      2.8        1.46
1500      2.725      1.86
2000      2.79       2.06
5000      2.725      2.3
10000     2.725      2.3
15000     2.74       2.26
20000     2.76       2.26
