#$SPEC_ID:
#No sample description was entered.
#$SPEC_REM:
#DET# 1
#DETDESC# MYON MCB 337
#AP# Maestro Version 6.06
#$DATE_MEA:
#04/23/2018 13:46:00
#$MEAS_TIM:
#22 22
#$DATA:
#0 511
0
0
0
0
0
0
0
0
0
0
0
0
0
0
0
0
0
0
0
0
0
0
1552
0
0
0
0
0
0
0
0
0
0
0
0
0
0
0
0
0
0
0
0
0
1328
0
0
0
0
0
0
0
0
0
0
0
0
0
0
0
0
0
0
0
0
0
1761
0
0
0
0
0
0
0
0
0
0
0
0
0
0
0
0
0
0
0
0
0
1568
462
0
0
0
0
0
0
0
0
0
0
0
0
0
0
0
0
0
0
0
0
1161
1576
0
0
0
0
0
0
0
0
0
0
0
0
0
0
0
0
0
0
0
0
848
1683
0
0
0
0
0
0
0
0
0
0
0
0
0
0
0
0
0
0
0
0
518
1515
0
0
0
0
0
0
0
0
0
0
0
0
0
0
0
0
0
0
0
0
615
2484
0
0
0
0
0
0
0
0
0
0
0
0
0
0
0
0
0
0
0
0
563
4682
0
0
0
0
0
0
0
0
0
0
0
0
0
0
0
0
0
0
0
0
0
0
0
0
0
0
0
0
0
0
0
0
0
0
0
0
0
0
0
0
0
0
0
0
0
0
0
0
0
0
0
0
0
0
0
0
0
0
0
0
0
0
0
0
0
0
0
0
0
0
0
0
0
0
0
0
0
0
0
0
0
0
0
0
0
0
0
0
0
0
0
0
0
0
0
0
0
0
0
0
0
0
0
0
0
0
0
0
0
0
0
0
0
0
0
0
0
0
0
0
0
0
0
0
0
0
0
0
0
0
0
0
0
0
0
0
0
0
0
0
0
0
0
0
0
0
0
0
0
0
0
0
0
0
0
0
0
0
0
0
0
0
0
0
0
0
0
0
0
0
0
0
0
0
0
0
0
0
0
0
0
0
0
0
0
0
0
0
0
0
0
0
0
0
0
0
0
0
0
0
0
0
0
0
0
0
0
0
0
0
0
0
0
0
0
0
0
0
0
0
0
0
0
0
0
0
0
0
0
0
0
0
0
0
0
0
0
0
0
0
0
0
0
0
0
0
0
0
0
0
0
0
0
0
0
0
0
0
0
0
0
0
0
0
0
0
0
0
0
0
0
0
0
0
0
0
0
0
0
0
0
0
0
0
0
0
0
0
0
0
0
0
0
0
0
0
0
0
0
0
0
0
0
0
0
0
0
0
0
0
0
0
#$ROI:
#1
#434 454
#$PRESETS:
#None
#0
#0
#$ENER_FIT:
#-2.326062 0.088583
#$MCA_CAL:
#3
#-2.326062E+000 8.858320E-002 -1.636990E-004 micr
#$SHAPE_CAL:
#3
#0.000000E+000 0.000000E+000 0.000000E+000
