#Kondensator nr. | Spannung lc 5000Hz | Spannung lc 10000Hz | Spannung endlose Kette
0    17.25    16.5    0.325
1    16.25    14.5    0.325
2    15       11      0.32
3    13       6       0.315
4    11       0.25    0.31
5    8.5      6       0.315
6    6        11.5    0.320
7    3        15.5    0.325
8    0.25     16.75   0.325
9    2.75     16      0.32
10   5.5      12.25   0.315
11   8        6.5     0.31
12   10       0.25    0.31
13   11.75    6.5     0.315
14   13.25    11.25   0.32
15   13.75    16      0.325
16   14.5     17.5    0.325
